:date 10292024-19:19:31.000
:fixed_data
0 0 0 0 sd_sd1
:
:vdbench503_vdbench_data_for_swat303
:date 10292024-19:19:31.000 10292024-19:19:32.000
0 0 0 4173 484587 0 0 534144 20629 0 20629 0 0 0
:
:vdbench503_vdbench_data_for_swat303
:date 10292024-19:19:32.000 10292024-19:19:33.000
0 0 0 4354 955109 0 0 557312 266584 0 266584 0 0 0
:
:vdbench503_vdbench_data_for_swat303
:date 10292024-19:19:33.000 10292024-19:19:34.000
0 0 0 1020 976832 0 0 130560 14966 0 14966 0 0 0
:
:vdbench503_vdbench_data_for_swat303
:date 10292024-19:19:34.000 10292024-19:19:35.000
0 0 0 462 992674 0 0 59136 116734 0 116734 0 0 0
:
:vdbench503_vdbench_data_for_swat303
:date 10292024-19:19:35.000 10292024-19:19:36.000
0 0 0 441 986384 0 0 56448 12562 0 12562 0 0 0
:
:vdbench503_vdbench_data_for_swat303
:date 10292024-19:19:36.000 10292024-19:19:37.000
0 0 0 472 988902 0 0 60416 35218 0 35218 0 0 0
:
:vdbench503_vdbench_data_for_swat303
:date 10292024-19:19:37.000 10292024-19:19:38.000
0 0 0 571 978678 0 0 73088 247694 0 247694 0 0 0
:
:vdbench503_vdbench_data_for_swat303
:date 10292024-19:19:38.000 10292024-19:19:39.000
0 0 0 454 983278 0 0 58112 13452 0 13452 0 0 0
:
:vdbench503_vdbench_data_for_swat303
:date 10292024-19:19:39.000 10292024-19:19:40.000
0 0 0 635 994485 0 0 81280 15123 0 15123 0 0 0
:
:vdbench503_vdbench_data_for_swat303
:date 10292024-19:19:40.000 10292024-19:19:41.000
0 0 0 611 989968 0 0 78208 15559 0 15559 0 0 0
:
:vdbench503_vdbench_data_for_swat303
:date 10292024-19:19:41.000 10292024-19:19:42.000
0 0 0 305 978992 0 0 39040 56928 0 56928 0 0 0
:
:vdbench503_vdbench_data_for_swat303
:date 10292024-19:19:42.000 10292024-19:19:43.000
0 0 0 289 1001984 0 0 36992 26359 0 26359 0 0 0
:
:vdbench503_vdbench_data_for_swat303
:date 10292024-19:19:43.000 10292024-19:19:44.000
0 0 0 459 992200 0 0 58752 19062 0 19062 0 0 0
:
:vdbench503_vdbench_data_for_swat303
:date 10292024-19:19:44.000 10292024-19:19:45.000
0 0 0 385 974806 0 0 49280 27676 0 27676 0 0 0
:
:vdbench503_vdbench_data_for_swat303
:date 10292024-19:19:45.000 10292024-19:19:46.000
0 0 0 502 982414 0 0 64256 24757 0 24757 0 0 0
:
:vdbench503_vdbench_data_for_swat303
:date 10292024-19:19:46.000 10292024-19:19:47.000
0 0 0 420 995934 0 0 53760 20646 0 20646 0 0 0
:
:vdbench503_vdbench_data_for_swat303
:date 10292024-19:19:47.000 10292024-19:19:48.000
0 0 0 271 990176 0 0 34688 97160 0 97160 0 0 0
:
:vdbench503_vdbench_data_for_swat303
:date 10292024-19:19:48.000 10292024-19:19:49.000
0 0 0 302 986316 0 0 38656 17062 0 17062 0 0 0
:
:vdbench503_vdbench_data_for_swat303
:date 10292024-19:19:49.000 10292024-19:19:50.000
0 0 0 521 998354 0 0 66688 22808 0 22808 0 0 0
:
:vdbench503_vdbench_data_for_swat303
:date 10292024-19:19:50.000 10292024-19:19:51.000
0 0 0 569 990213 0 0 72832 26157 0 26157 0 0 0
:
:vdbench503_vdbench_data_for_swat303
:date 10292024-19:19:51.000 10292024-19:19:52.000
0 0 0 439 987321 0 0 56192 17844 0 17844 0 0 0
:
:vdbench503_vdbench_data_for_swat303
:date 10292024-19:19:52.000 10292024-19:19:53.000
0 0 0 606 975962 0 0 77568 27321 0 27321 0 0 0
:
:vdbench503_vdbench_data_for_swat303
:date 10292024-19:19:53.000 10292024-19:19:54.000
0 0 0 268 996456 0 0 34304 110182 0 110182 0 0 0
:
:vdbench503_vdbench_data_for_swat303
:date 10292024-19:19:54.000 10292024-19:19:55.000
0 0 0 394 983743 0 0 50432 17856 0 17856 0 0 0
:
:vdbench503_vdbench_data_for_swat303
:date 10292024-19:19:55.000 10292024-19:19:56.000
0 0 0 785 989093 0 0 100480 101231 0 101231 0 0 0
:
:vdbench503_vdbench_data_for_swat303
:date 10292024-19:19:56.000 10292024-19:19:57.000
0 0 0 448 1002519 0 0 57344 26694 0 26694 0 0 0
:
:vdbench503_vdbench_data_for_swat303
:date 10292024-19:19:57.000 10292024-19:19:58.000
0 0 0 690 986235 0 0 88320 24982 0 24982 0 0 0
:
:vdbench503_vdbench_data_for_swat303
:date 10292024-19:19:58.000 10292024-19:19:59.000
0 0 0 283 993121 0 0 36224 21635 0 21635 0 0 0
:
:vdbench503_vdbench_data_for_swat303
:date 10292024-19:19:59.000 10292024-19:20:00.000
0 0 0 265 981435 0 0 33920 18424 0 18424 0 0 0
:
:vdbench503_vdbench_data_for_swat303
:date 10292024-19:20:00.000 10292024-19:20:01.000
0 0 0 366 992930 0 0 46848 19162 0 19162 0 0 0
:
:vdbench503_vdbench_data_for_swat303
:date 10292024-19:20:01.000 10292024-19:20:02.000
0 0 0 606 992851 0 0 77568 40826 0 40826 0 0 0
:
:vdbench503_vdbench_data_for_swat303
:date 10292024-19:20:02.000 10292024-19:20:03.000
0 0 0 540 989195 0 0 69120 62534 0 62534 0 0 0
:
:vdbench503_vdbench_data_for_swat303
:date 10292024-19:20:03.000 10292024-19:20:04.000
0 0 0 548 983938 0 0 70144 27527 0 27527 0 0 0
:
:vdbench503_vdbench_data_for_swat303
:date 10292024-19:20:04.000 10292024-19:20:05.000
0 0 0 320 990921 0 0 40960 20258 0 20258 0 0 0
:
:vdbench503_vdbench_data_for_swat303
:date 10292024-19:20:05.000 10292024-19:20:06.000
0 0 0 405 979361 0 0 51840 19265 0 19265 0 0 0
:
:vdbench503_vdbench_data_for_swat303
:date 10292024-19:20:06.000 10292024-19:20:07.000
0 0 0 425 985432 0 0 54400 18268 0 18268 0 0 0
:
:vdbench503_vdbench_data_for_swat303
:date 10292024-19:20:07.000 10292024-19:20:08.000
0 0 0 301 1008767 0 0 38528 31705 0 31705 0 0 0
:
:vdbench503_vdbench_data_for_swat303
:date 10292024-19:20:08.000 10292024-19:20:09.000
0 0 0 603 985502 0 0 77184 34372 0 34372 0 0 0
:
:vdbench503_vdbench_data_for_swat303
:date 10292024-19:20:09.000 10292024-19:20:10.000
0 0 0 295 989586 0 0 37760 20093 0 20093 0 0 0
:
:vdbench503_vdbench_data_for_swat303
:date 10292024-19:20:10.000 10292024-19:20:11.000
0 0 0 308 1006732 0 0 39424 19459 0 19459 0 0 0
:
:vdbench503_vdbench_data_for_swat303
:date 10292024-19:20:11.000 10292024-19:20:12.000
0 0 0 288 973554 0 0 36864 20905 0 20905 0 0 0
:
:vdbench503_vdbench_data_for_swat303
:date 10292024-19:20:12.000 10292024-19:20:13.000
0 0 0 244 997207 0 0 31232 20629 0 20629 0 0 0
:
:vdbench503_vdbench_data_for_swat303
:date 10292024-19:20:13.000 10292024-19:20:14.000
0 0 0 278 989874 0 0 35584 20786 0 20786 0 0 0
:
:vdbench503_vdbench_data_for_swat303
:date 10292024-19:20:14.000 10292024-19:20:15.000
0 0 0 245 994351 0 0 31360 19959 0 19959 0 0 0
:
:vdbench503_vdbench_data_for_swat303
:date 10292024-19:20:15.000 10292024-19:20:16.000
0 0 0 298 1005547 0 0 38144 81481 0 81481 0 0 0
:
:vdbench503_vdbench_data_for_swat303
:date 10292024-19:20:16.000 10292024-19:20:17.000
0 0 0 360 987277 0 0 46080 19599 0 19599 0 0 0
:
:vdbench503_vdbench_data_for_swat303
:date 10292024-19:20:17.000 10292024-19:20:18.000
0 0 0 310 986110 0 0 39680 20833 0 20833 0 0 0
:
:vdbench503_vdbench_data_for_swat303
:date 10292024-19:20:18.000 10292024-19:20:19.000
0 0 0 660 982278 0 0 84480 23849 0 23849 0 0 0
:
:vdbench503_vdbench_data_for_swat303
:date 10292024-19:20:19.000 10292024-19:20:20.000
0 0 0 718 995941 0 0 91904 22077 0 22077 0 0 0
:
:vdbench503_vdbench_data_for_swat303
:date 10292024-19:20:20.000 10292024-19:20:21.000
0 0 0 627 974651 0 0 80256 22853 0 22853 0 0 0
:
:vdbench503_vdbench_data_for_swat303
:date 10292024-19:20:21.000 10292024-19:20:22.000
0 0 0 451 999762 0 0 57728 82414 0 82414 0 0 0
:
:vdbench503_vdbench_data_for_swat303
:date 10292024-19:20:22.000 10292024-19:20:23.000
0 0 0 287 990918 0 0 36736 24162 0 24162 0 0 0
:
:vdbench503_vdbench_data_for_swat303
:date 10292024-19:20:23.000 10292024-19:20:24.000
0 0 0 355 980816 0 0 45440 23867 0 23867 0 0 0
:
:vdbench503_vdbench_data_for_swat303
:date 10292024-19:20:24.000 10292024-19:20:25.000
0 0 0 292 996610 0 0 37376 17276 0 17276 0 0 0
:
:vdbench503_vdbench_data_for_swat303
:date 10292024-19:20:25.000 10292024-19:20:26.000
0 0 0 482 993911 0 0 61696 24222 0 24222 0 0 0
:
:vdbench503_vdbench_data_for_swat303
:date 10292024-19:20:26.000 10292024-19:20:27.000
0 0 0 490 972300 0 0 62720 20149 0 20149 0 0 0
:
:vdbench503_vdbench_data_for_swat303
:date 10292024-19:20:27.000 10292024-19:20:28.000
0 0 0 366 1001231 0 0 46848 16684 0 16684 0 0 0
:
:vdbench503_vdbench_data_for_swat303
:date 10292024-19:20:28.000 10292024-19:20:29.000
0 0 0 334 992367 0 0 42752 24489 0 24489 0 0 0
:
:vdbench503_vdbench_data_for_swat303
:date 10292024-19:20:29.000 10292024-19:20:30.000
0 0 0 516 979139 0 0 66048 84572 0 84572 0 0 0
:
:vdbench503_vdbench_data_for_swat303
:date 10292024-19:20:30.000 10292024-19:20:31.000
0 0 0 645 993352 0 0 82560 74594 0 74594 0 0 0
