:date 10292024-19:12:56.000
:fixed_data
0 0 0 0 sd_sd1
:
:vdbench503_vdbench_data_for_swat303
:date 10292024-19:12:56.000 10292024-19:12:57.000
0 0 0 6040 627373 0 0 773120 2767 0 2767 0 0 0
:
:vdbench503_vdbench_data_for_swat303
:date 10292024-19:12:57.000 10292024-19:12:58.000
0 0 0 2663 946408 0 0 340864 33993 0 33993 0 0 0
:
:vdbench503_vdbench_data_for_swat303
:date 10292024-19:12:58.000 10292024-19:12:59.000
0 0 0 947 991879 0 0 121216 104328 0 104328 0 0 0
:
:vdbench503_vdbench_data_for_swat303
:date 10292024-19:12:59.000 10292024-19:13:00.000
0 0 0 480 989518 0 0 61440 168057 0 168057 0 0 0
:
:vdbench503_vdbench_data_for_swat303
:date 10292024-19:13:00.000 10292024-19:13:01.000
0 0 0 324 984873 0 0 41472 32562 0 32562 0 0 0
:
:vdbench503_vdbench_data_for_swat303
:date 10292024-19:13:01.000 10292024-19:13:02.000
0 0 0 362 992877 0 0 46336 25278 0 25278 0 0 0
:
:vdbench503_vdbench_data_for_swat303
:date 10292024-19:13:02.000 10292024-19:13:03.000
0 0 0 229 710442 0 0 29312 22482 0 22482 0 0 0
:
:vdbench503_vdbench_data_for_swat303
:date 10292024-19:13:03.000 10292024-19:13:04.000
0 0 0 412 1273657 0 0 52736 289322 0 289322 0 0 0
:
:vdbench503_vdbench_data_for_swat303
:date 10292024-19:13:04.000 10292024-19:13:05.000
0 0 0 326 983132 0 0 41728 16761 0 16761 0 0 0
:
:vdbench503_vdbench_data_for_swat303
:date 10292024-19:13:05.000 10292024-19:13:06.000
0 0 0 355 995394 0 0 45440 13459 0 13459 0 0 0
:
:vdbench503_vdbench_data_for_swat303
:date 10292024-19:13:06.000 10292024-19:13:07.000
0 0 0 632 977587 0 0 80896 21063 0 21063 0 0 0
:
:vdbench503_vdbench_data_for_swat303
:date 10292024-19:13:07.000 10292024-19:13:08.000
0 0 0 444 986534 0 0 56832 14482 0 14482 0 0 0
:
:vdbench503_vdbench_data_for_swat303
:date 10292024-19:13:08.000 10292024-19:13:09.000
0 0 0 499 990698 0 0 63872 96452 0 96452 0 0 0
:
:vdbench503_vdbench_data_for_swat303
:date 10292024-19:13:09.000 10292024-19:13:10.000
0 0 0 457 991477 0 0 58496 17599 0 17599 0 0 0
:
:vdbench503_vdbench_data_for_swat303
:date 10292024-19:13:10.000 10292024-19:13:11.000
0 0 0 459 980206 0 0 58752 16330 0 16330 0 0 0
:
:vdbench503_vdbench_data_for_swat303
:date 10292024-19:13:11.000 10292024-19:13:12.000
0 0 0 263 991092 0 0 33664 13421 0 13421 0 0 0
:
:vdbench503_vdbench_data_for_swat303
:date 10292024-19:13:12.000 10292024-19:13:13.000
0 0 0 464 995900 0 0 59392 11253 0 11253 0 0 0
:
:vdbench503_vdbench_data_for_swat303
:date 10292024-19:13:13.000 10292024-19:13:14.000
0 0 0 277 985201 0 0 35456 221472 0 221472 0 0 0
:
:vdbench503_vdbench_data_for_swat303
:date 10292024-19:13:14.000 10292024-19:13:15.000
0 0 0 305 998664 0 0 39040 71942 0 71942 0 0 0
:
:vdbench503_vdbench_data_for_swat303
:date 10292024-19:13:15.000 10292024-19:13:16.000
0 0 0 319 991080 0 0 40832 15905 0 15905 0 0 0
:
:vdbench503_vdbench_data_for_swat303
:date 10292024-19:13:16.000 10292024-19:13:17.000
0 0 0 491 982876 0 0 62848 12288 0 12288 0 0 0
:
:vdbench503_vdbench_data_for_swat303
:date 10292024-19:13:17.000 10292024-19:13:18.000
0 0 0 371 986498 0 0 47488 18855 0 18855 0 0 0
:
:vdbench503_vdbench_data_for_swat303
:date 10292024-19:13:18.000 10292024-19:13:19.000
0 0 0 377 979511 0 0 48256 35930 0 35930 0 0 0
:
:vdbench503_vdbench_data_for_swat303
:date 10292024-19:13:19.000 10292024-19:13:20.000
0 0 0 159 997995 0 0 20352 34520 0 34520 0 0 0
:
:vdbench503_vdbench_data_for_swat303
:date 10292024-19:13:20.000 10292024-19:13:21.000
0 0 0 387 1002955 0 0 49536 38006 0 38006 0 0 0
:
:vdbench503_vdbench_data_for_swat303
:date 10292024-19:13:21.000 10292024-19:13:22.000
0 0 0 199 988571 0 0 25472 27379 0 27379 0 0 0
:
:vdbench503_vdbench_data_for_swat303
:date 10292024-19:13:22.000 10292024-19:13:23.000
0 0 0 212 987472 0 0 27136 22287 0 22287 0 0 0
:
:vdbench503_vdbench_data_for_swat303
:date 10292024-19:13:23.000 10292024-19:13:24.000
0 0 0 216 995000 0 0 27648 22034 0 22034 0 0 0
:
:vdbench503_vdbench_data_for_swat303
:date 10292024-19:13:24.000 10292024-19:13:25.000
0 0 0 223 1007373 0 0 28544 21826 0 21826 0 0 0
:
:vdbench503_vdbench_data_for_swat303
:date 10292024-19:13:25.000 10292024-19:13:26.000
0 0 0 390 977048 0 0 49920 22397 0 22397 0 0 0
:
:vdbench503_vdbench_data_for_swat303
:date 10292024-19:13:26.000 10292024-19:13:27.000
0 0 0 238 999657 0 0 30464 21311 0 21311 0 0 0
:
:vdbench503_vdbench_data_for_swat303
:date 10292024-19:13:27.000 10292024-19:13:28.000
0 0 0 272 998032 0 0 34816 19271 0 19271 0 0 0
:
:vdbench503_vdbench_data_for_swat303
:date 10292024-19:13:28.000 10292024-19:13:29.000
0 0 0 403 987347 0 0 51584 21138 0 21138 0 0 0
:
:vdbench503_vdbench_data_for_swat303
:date 10292024-19:13:29.000 10292024-19:13:30.000
0 0 0 270 991232 0 0 34560 51979 0 51979 0 0 0
:
:vdbench503_vdbench_data_for_swat303
:date 10292024-19:13:30.000 10292024-19:13:31.000
0 0 0 272 994188 0 0 34816 18606 0 18606 0 0 0
:
:vdbench503_vdbench_data_for_swat303
:date 10292024-19:13:31.000 10292024-19:13:32.000
0 0 0 251 977738 0 0 32128 110579 0 110579 0 0 0
:
:vdbench503_vdbench_data_for_swat303
:date 10292024-19:13:32.000 10292024-19:13:33.000
0 0 0 569 983143 0 0 72832 18844 0 18844 0 0 0
:
:vdbench503_vdbench_data_for_swat303
:date 10292024-19:13:33.000 10292024-19:13:34.000
0 0 0 272 1009814 0 0 34816 19526 0 19526 0 0 0
:
:vdbench503_vdbench_data_for_swat303
:date 10292024-19:13:34.000 10292024-19:13:35.000
0 0 0 503 986598 0 0 64384 19082 0 19082 0 0 0
:
:vdbench503_vdbench_data_for_swat303
:date 10292024-19:13:35.000 10292024-19:13:36.000
0 0 0 290 985885 0 0 37120 27506 0 27506 0 0 0
:
:vdbench503_vdbench_data_for_swat303
:date 10292024-19:13:36.000 10292024-19:13:37.000
0 0 0 273 998267 0 0 34944 22573 0 22573 0 0 0
:
:vdbench503_vdbench_data_for_swat303
:date 10292024-19:13:37.000 10292024-19:13:38.000
0 0 0 249 992790 0 0 31872 21354 0 21354 0 0 0
:
:vdbench503_vdbench_data_for_swat303
:date 10292024-19:13:38.000 10292024-19:13:39.000
0 0 0 336 979032 0 0 43008 27132 0 27132 0 0 0
:
:vdbench503_vdbench_data_for_swat303
:date 10292024-19:13:39.000 10292024-19:13:40.000
0 0 0 273 999407 0 0 34944 18248 0 18248 0 0 0
:
:vdbench503_vdbench_data_for_swat303
:date 10292024-19:13:40.000 10292024-19:13:41.000
0 0 0 291 1001027 0 0 37248 104733 0 104733 0 0 0
:
:vdbench503_vdbench_data_for_swat303
:date 10292024-19:13:41.000 10292024-19:13:42.000
0 0 0 471 985471 0 0 60288 25995 0 25995 0 0 0
:
:vdbench503_vdbench_data_for_swat303
:date 10292024-19:13:42.000 10292024-19:13:43.000
0 0 0 598 988862 0 0 76544 27602 0 27602 0 0 0
:
:vdbench503_vdbench_data_for_swat303
:date 10292024-19:13:43.000 10292024-19:13:44.000
0 0 0 250 994820 0 0 32000 114207 0 114207 0 0 0
:
:vdbench503_vdbench_data_for_swat303
:date 10292024-19:13:44.000 10292024-19:13:45.000
0 0 0 311 991647 0 0 39808 18538 0 18538 0 0 0
:
:vdbench503_vdbench_data_for_swat303
:date 10292024-19:13:45.000 10292024-19:13:46.000
0 0 0 479 989064 0 0 61312 23592 0 23592 0 0 0
:
:vdbench503_vdbench_data_for_swat303
:date 10292024-19:13:46.000 10292024-19:13:47.000
0 0 0 293 974951 0 0 37504 25428 0 25428 0 0 0
:
:vdbench503_vdbench_data_for_swat303
:date 10292024-19:13:47.000 10292024-19:13:48.000
0 0 0 318 1006042 0 0 40704 18794 0 18794 0 0 0
:
:vdbench503_vdbench_data_for_swat303
:date 10292024-19:13:48.000 10292024-19:13:49.000
0 0 0 305 939928 0 0 39040 20953 0 20953 0 0 0
:
:vdbench503_vdbench_data_for_swat303
:date 10292024-19:13:49.000 10292024-19:13:50.000
0 0 0 665 1038497 0 0 85120 201595 0 201595 0 0 0
:
:vdbench503_vdbench_data_for_swat303
:date 10292024-19:13:50.000 10292024-19:13:51.000
0 0 0 517 980170 0 0 66176 21503 0 21503 0 0 0
:
:vdbench503_vdbench_data_for_swat303
:date 10292024-19:13:51.000 10292024-19:13:52.000
0 0 0 435 1002110 0 0 55680 20157 0 20157 0 0 0
:
:vdbench503_vdbench_data_for_swat303
:date 10292024-19:13:52.000 10292024-19:13:53.000
0 0 0 654 976185 0 0 83712 57051 0 57051 0 0 0
:
:vdbench503_vdbench_data_for_swat303
:date 10292024-19:13:53.000 10292024-19:13:54.000
0 0 0 449 1000984 0 0 57472 31245 0 31245 0 0 0
:
:vdbench503_vdbench_data_for_swat303
:date 10292024-19:13:54.000 10292024-19:13:55.000
0 0 0 270 997329 0 0 34560 22410 0 22410 0 0 0
:
:vdbench503_vdbench_data_for_swat303
:date 10292024-19:13:55.000 10292024-19:13:56.000
0 0 0 252 993284 0 0 32256 39731 0 39731 0 0 0
